1
43
49
0
0
0

2
47
16
0
0
0

3
13
28
0
0
0

4
83
19
0
0
0


5
26
37
0
0
0

6
37
21
0
0
0

7
6
41
0
0
0

8
42
45
0
0
0

9
21
47
0
0
0

10
90
29
0
0
0

11
100
37
0
0
0


12
30
9
0
0
0

13
13
1
0
0
0

14
45
29
0
0
0

15
89
47
0
0
0

16
48
48
0
0
0

17
17
43
0
0
0

18
53
37
0
0
0

19
12
50
0
0
0

20
33
11
0
0
0

21
56
37
0
0
0

22
90
30
0
0
0

23
59
17
0
0
0

24
76
48
0
0
0

25
63
28
0
0
0

26
82
21
0
0
0

27
23
1
0
0
0

28
30
23
0
0
0

29
13
29
0
0
0

30
69
4
0
0
0

31
65
22
0
0
0

32
13
29
0
0
0

33
97
11
0
0
0

34
45
1
0
0
0

35
46
33
0
0
0

36
57
23
0
0
0

37
64
43
0
0
0

38
30
31
0
0
0

39
96
16
0
0
0

40
56
20
0
0
0

41
66
18
0
0
0

42
98
26
0
0
0

43
69
27
0
0
0

44
3
36
0
0
0

45
87
5
0
0
0

46
35
16
0
0
0

47
69
35
0
0
0

48
5
27
0
0
0

49
6
31
0
0
0

50
77
26
0
0
0

51
41
9
0
0
0

52
58
9
0
0
0

53
89
2
0
0
0

54
65
15
0
0
0

55
45
5
0
0
0

56
87
20
0
0
0

57
75
37
0
0
0

58
26
24
0
0
0

59
45
21
0
0
0

60
93
42
0
0
0

61
39
30
0
0
0

62
26
39
0
0
0

63
40
33
0
0
0

64
88
28
0
0
0

65
59
20
0
0
0

66
88
30
0
0
0

67
17
34
0
0
0

68
67
37
0
0
0

69
43
4
0
0
0

70
23
4
0
0
0

71
98
33
0
0
0

72
73
10
0
0
0

73
86
12
0
0
0

74
29
3
0
0
0

75
12
19
0
0
0

76
3
40
0
0
0

77
63
16
0
0
0

78
28
10
0
0
0

79
90
7
0
0
0

80
76
13
0
0
0

81
70
1
0
0
0

82
62
35
0
0
0

83
9
27
0
0
0

84
47
18
0
0
0

85
62
18
0
0
0

86
87
12
0
0
0

87
95
20
0
0
0

88
99
22
0
0
0

89
61
45
0
0
0

90
67
47
0
0
0

91
30
25
0
0
0

92
56
7
0
0
0

93
76
19
0
0
0

94
24
44
0
0
0

95
21
28
0
0
0

96
74
36
0
0
0

97
24
29
0
0
0

98
30
37
0
0
0

99
90
3
0
0
0

100
35
14
0
0
0
